320 778
0 235
0 304
1 18
1 229
1 245
1 160
1 165
1 153
2 15
2 176
2 31
2 212
2 207
3 74
3 130
3 220
3 16
3 138
4 62
4 166
4 81
4 295
4 216
5 144
5 285
6 54
6 266
6 281
6 253
7 300
7 291
7 92
7 218
7 181
7 255
8 108
8 97
8 66
8 33
8 204
9 68
9 265
9 149
9 228
10 136
10 24
10 28
10 234
10 244
10 69
10 173
10 175
10 40
11 77
11 232
11 285
11 174
12 78
12 50
12 126
12 101
12 135
12 17
13 201
13 144
13 79
14 50
14 64
14 126
14 85
14 30
14 287
15 176
15 172
15 264
16 83
16 74
16 130
16 220
16 155
16 274
16 58
16 138
17 126
17 101
17 135
18 125
18 245
18 165
18 188
19 191
19 93
19 256
20 85
20 124
20 30
20 206
20 286
21 200
21 42
21 154
21 44
22 284
22 271
22 94
23 162
23 46
23 242
24 186
24 136
24 117
24 28
24 244
24 319
25 152
25 125
25 186
25 197
25 26
25 188
26 273
26 100
26 290
27 268
27 37
27 73
27 227
27 277
27 205
28 136
28 117
28 244
28 112
29 185
29 35
29 32
30 50
30 64
30 85
30 124
31 176
31 207
31 172
32 283
32 35
33 204
33 104
33 259
33 310
33 236
33 189
34 221
34 306
34 240
34 129
34 224
35 283
36 70
36 273
36 159
36 134
36 38
36 219
36 106
37 284
37 231
37 202
37 201
37 73
37 61
37 227
38 180
38 164
38 159
38 134
38 45
38 219
38 106
38 49
39 231
39 202
39 61
39 227
39 182
40 234
40 305
40 175
40 208
40 217
40 299
40 196
41 209
41 114
41 86
41 161
42 200
42 154
42 289
42 272
43 291
43 218
43 181
43 255
43 170
44 267
45 180
45 297
45 134
45 214
45 312
45 167
45 99
45 219
45 106
46 105
46 198
46 242
47 214
47 312
47 195
48 185
48 300
48 96
48 316
48 268
49 115
49 215
49 246
50 78
50 64
50 126
51 179
51 67
51 59
52 107
52 89
52 71
52 181
53 278
53 234
54 67
54 147
54 266
54 253
55 115
55 215
55 270
55 178
55 246
56 107
56 242
56 71
56 95
57 91
57 97
57 66
57 230
58 224
58 274
58 138
58 262
59 67
60 90
60 296
60 307
60 279
61 231
61 202
61 227
61 182
62 166
62 81
62 295
62 241
63 299
63 196
63 258
63 190
63 203
64 78
64 85
64 124
65 111
65 260
65 137
66 108
66 97
67 179
68 211
68 158
68 265
68 149
68 150
69 136
69 244
69 212
69 173
69 222
70 148
70 168
70 238
70 199
70 121
70 164
71 95
71 170
71 258
71 309
72 243
72 314
72 183
72 269
72 257
72 82
72 228
72 318
73 284
73 201
73 293
73 223
74 130
74 220
74 274
74 138
75 113
75 313
75 280
76 251
77 292
77 163
77 187
77 87
77 142
77 210
77 132
78 126
79 205
80 124
80 285
80 206
80 286
81 295
81 239
81 193
82 265
82 257
82 228
83 163
83 142
83 155
83 304
84 185
84 308
85 292
85 124
86 171
86 114
86 161
86 233
87 163
87 142
88 157
88 200
88 239
88 193
88 141
89 229
89 107
89 153
90 263
90 213
90 296
90 171
91 160
91 237
91 230
92 300
92 291
92 275
92 255
93 184
93 191
93 249
93 256
94 284
94 151
94 133
94 293
95 203
95 309
96 268
96 223
97 108
97 240
98 243
98 263
98 298
98 122
98 213
99 134
99 214
99 312
99 167
99 195
99 106
100 273
100 159
100 197
101 120
101 135
102 218
102 275
102 287
102 127
103 247
103 290
104 123
104 294
104 259
104 310
105 264
105 302
105 252
105 192
106 134
106 167
106 219
107 229
109 157
109 180
109 211
109 115
109 177
109 297
110 245
110 197
110 288
110 188
111 260
111 316
111 268
111 120
112 117
112 319
113 272
113 280
114 213
114 171
114 209
114 161
115 180
115 177
115 215
116 140
116 209
117 186
117 136
117 234
117 319
118 307
118 279
118 231
118 248
118 249
119 179
119 283
120 316
121 148
121 238
121 164
121 273
121 159
122 243
122 263
122 314
122 298
123 157
123 289
123 254
123 294
123 259
124 292
124 285
124 206
124 286
125 152
125 186
125 278
125 276
126 135
127 292
127 132
127 261
127 275
127 287
128 176
128 264
128 252
129 150
129 262
130 220
130 155
131 284
131 271
131 232
131 184
132 292
132 187
132 261
133 308
133 315
133 293
133 223
134 197
134 167
134 219
136 234
136 244
137 143
138 274
138 262
139 317
139 311
139 251
139 225
140 145
141 157
141 200
141 193
141 289
141 254
142 163
142 232
142 156
143 268
143 281
144 201
144 174
145 282
146 169
146 147
146 266
146 281
146 253
147 169
147 266
147 281
147 253
148 168
148 238
148 199
148 247
149 211
149 297
149 158
149 265
150 211
150 177
150 297
150 306
150 224
151 257
151 315
152 186
152 278
153 229
153 160
153 230
155 220
155 304
156 271
156 232
156 184
156 191
157 177
157 200
157 289
157 215
158 211
158 265
159 164
159 273
159 219
160 165
160 237
160 230
161 209
162 195
163 187
163 210
164 219
165 276
165 237
165 305
166 295
166 241
166 194
167 214
167 312
167 219
168 238
168 199
168 247
169 281
169 253
169 301
169 233
170 291
170 309
172 207
173 244
173 212
173 222
174 201
175 234
175 305
175 208
175 217
177 180
177 211
177 297
178 311
178 215
178 270
178 246
178 313
180 211
180 297
181 291
181 240
181 218
182 227
182 277
183 271
183 269
183 191
183 257
184 284
184 231
184 202
184 271
184 232
184 249
184 250
186 319
186 188
187 210
187 261
188 245
189 204
189 310
189 261
189 236
190 196
190 258
190 203
191 271
191 256
192 264
192 252
193 295
193 200
193 239
193 194
194 295
194 241
195 312
196 217
196 299
198 229
198 245
198 302
199 216
200 239
200 289
201 284
202 231
202 249
203 258
204 236
205 277
206 285
208 305
208 217
209 213
210 292
210 261
211 297
212 222
213 263
214 312
215 270
215 246
217 305
217 299
218 240
218 275
218 287
218 255
221 306
221 240
223 227
223 293
224 262
225 237
225 226
226 317
226 311
228 265
229 245
231 249
231 250
233 301
234 278
234 305
235 267
236 259
236 310
237 276
238 247
239 241
240 306
241 295
243 263
243 314
243 298
245 288
245 302
246 311
246 313
247 290
248 307
248 279
249 307
249 250
252 264
253 266
253 281
254 267
254 289
255 291
255 275
255 287
257 271
259 294
259 310
260 316
260 268
261 292
263 314
263 298
266 281
268 277
269 314
269 318
270 317
270 311
273 290
275 287
276 278
279 296
279 307
282 315
282 303
284 293
288 302
291 300
294 310
296 307
298 314
299 305
300 316
303 315
308 315
311 317
311 313
313 317
314 318
