40 349
0 3
0 6
0 8
0 9
0 11
0 12
0 21
0 22
0 23
0 24
0 32
0 34
0 36
0 38
0 39
1 2
1 4
1 5
1 6
1 8
1 11
1 13
1 15
1 17
1 18
1 20
1 22
1 24
1 25
1 26
1 28
1 30
1 35
2 3
2 5
2 11
2 15
2 16
2 20
2 23
2 25
2 29
2 34
2 35
2 36
2 37
2 38
3 8
3 9
3 10
3 13
3 19
3 20
3 32
3 34
3 38
4 6
4 7
4 8
4 10
4 11
4 12
4 15
4 17
4 20
4 22
4 23
4 25
4 26
4 27
4 29
4 35
4 37
5 7
5 10
5 14
5 16
5 17
5 18
5 20
5 25
5 30
5 31
5 35
5 36
5 37
6 7
6 13
6 14
6 20
6 23
6 24
6 25
6 26
6 29
6 32
6 33
6 36
6 38
6 39
7 10
7 11
7 13
7 14
7 15
7 16
7 17
7 18
7 19
7 21
7 24
7 26
7 27
7 28
7 30
7 31
7 32
7 33
7 35
8 10
8 11
8 13
8 15
8 16
8 18
8 21
8 22
8 23
8 24
8 25
8 28
8 29
8 30
8 34
8 35
8 37
8 38
9 11
9 12
9 13
9 18
9 22
9 23
9 26
9 28
9 30
9 34
9 36
9 38
10 12
10 15
10 17
10 18
10 19
10 22
10 23
10 32
10 33
10 37
10 38
10 39
11 13
11 16
11 17
11 19
11 22
11 23
11 28
11 29
11 32
11 33
11 34
11 36
11 39
12 13
12 19
12 20
12 21
12 22
12 26
12 29
12 31
12 32
12 34
12 39
13 14
13 15
13 16
13 17
13 20
13 23
13 24
13 25
13 26
13 27
13 31
13 33
13 34
13 35
13 36
13 38
13 39
14 16
14 18
14 20
14 28
14 29
14 30
14 35
15 17
15 20
15 21
15 22
15 23
15 24
15 25
15 28
15 31
15 32
15 33
15 34
15 38
15 39
16 17
16 19
16 21
16 25
16 26
16 28
16 29
16 30
16 32
16 33
16 35
16 36
16 37
16 39
17 18
17 20
17 21
17 22
17 26
17 31
17 33
17 35
17 38
18 19
18 20
18 24
18 25
18 26
18 30
18 32
18 36
19 20
19 21
19 25
19 26
19 28
19 32
19 36
19 38
19 39
20 21
20 27
20 28
20 29
20 30
20 32
20 35
21 26
21 27
21 29
21 32
21 33
21 34
21 36
21 38
22 23
22 24
22 28
22 31
22 32
22 33
22 34
22 36
22 38
23 24
23 26
23 27
23 28
23 36
23 37
23 39
24 26
24 31
24 32
24 33
24 34
24 35
24 37
25 28
25 31
25 32
25 33
25 34
26 27
26 28
26 32
26 33
26 34
26 35
26 36
26 38
27 31
27 35
27 38
27 39
28 31
28 32
28 33
28 34
28 38
28 39
29 34
29 35
30 31
30 32
30 35
30 36
30 37
31 32
31 33
31 36
31 38
31 39
32 33
32 35
32 37
32 38
32 39
33 34
33 37
34 36
34 39
35 36
35 38
36 39
37 38
