35 103
0 27
1 11
1 20
1 22
1 33
2 5
2 10
2 13
2 14
2 16
2 17
2 18
2 21
2 30
2 34
3 22
3 28
4 15
4 24
5 8
5 10
5 12
5 13
5 21
5 30
5 34
6 24
6 29
6 31
7 23
7 24
7 27
7 28
8 9
8 13
8 14
8 21
8 30
8 34
9 10
9 13
9 14
9 17
9 18
9 26
9 30
9 34
10 12
10 13
10 14
10 16
10 17
10 18
10 28
10 30
10 34
11 16
11 26
11 32
11 33
12 14
12 16
12 17
12 18
12 21
12 25
12 30
12 34
13 14
13 16
13 21
13 25
13 34
14 16
14 21
15 24
16 17
16 18
16 21
16 25
16 34
17 18
17 34
18 25
18 30
18 34
19 20
20 26
20 28
20 33
21 25
21 30
22 26
22 28
23 31
25 30
25 34
26 28
26 32
27 29
28 33
29 31
32 33
