219 582
0 109
0 216
0 53
0 31
0 86
1 112
1 167
1 152
1 54
1 47
1 118
1 22
1 36
1 204
1 217
2 17
2 44
2 159
2 7
2 189
3 14
3 38
3 68
3 102
4 13
4 148
4 207
4 198
5 171
5 80
5 6
5 163
5 156
5 10
5 20
6 80
6 163
6 156
6 10
6 20
6 115
7 17
7 159
7 161
7 104
7 192
7 213
7 175
7 76
8 93
8 211
8 135
8 164
8 110
8 98
9 92
9 41
9 173
9 78
9 33
10 142
10 71
10 125
10 80
10 20
11 14
11 68
11 147
11 121
11 174
11 178
12 107
12 188
12 190
12 206
12 133
12 193
13 119
14 38
14 68
14 147
15 94
15 182
15 87
15 65
16 120
16 96
16 198
16 70
17 194
17 158
17 44
17 159
17 208
17 192
18 144
18 124
18 115
18 185
19 150
19 157
19 65
20 80
20 156
21 169
21 210
21 186
21 42
21 116
21 27
22 112
22 72
22 36
22 204
22 217
23 154
23 46
23 132
24 152
24 54
24 88
24 47
24 118
24 193
24 160
25 110
25 45
25 74
25 145
25 43
25 200
25 103
25 98
26 157
26 158
26 201
26 106
27 169
27 210
27 42
27 70
27 116
28 29
28 191
28 93
28 148
28 203
28 207
29 139
29 191
29 93
29 203
29 123
29 57
29 135
30 40
30 155
30 104
30 133
30 66
30 213
31 216
31 45
31 100
31 74
31 218
31 77
32 111
32 75
32 181
32 61
32 146
32 187
33 78
34 181
34 146
34 154
34 187
34 79
34 132
35 143
35 127
35 114
35 212
35 44
35 149
36 153
36 118
36 72
36 95
36 160
36 204
36 217
37 52
37 164
37 98
37 117
37 55
37 168
38 68
38 147
38 102
39 180
39 129
39 59
39 89
39 195
40 107
40 155
40 66
41 92
41 201
41 173
42 169
42 210
42 116
43 52
43 145
43 200
43 85
44 158
44 212
44 149
45 82
45 110
45 141
45 100
45 74
46 154
46 79
46 132
47 152
47 54
47 118
47 160
48 172
48 170
48 62
49 84
49 103
49 126
49 108
50 57
50 211
50 62
50 67
50 105
51 215
51 214
52 159
52 189
52 145
52 85
52 76
53 109
53 216
53 86
54 152
54 88
54 84
54 126
55 128
55 161
55 117
55 168
56 180
56 59
56 170
56 97
57 123
57 102
57 135
58 128
58 211
58 164
58 81
58 117
58 67
59 99
59 180
59 162
59 170
60 143
60 131
60 127
60 106
60 73
61 111
61 122
61 75
61 181
61 179
61 96
61 146
62 172
62 67
62 105
63 188
63 90
63 205
63 113
63 151
63 91
63 140
63 185
64 205
64 202
64 183
64 151
64 83
64 197
64 134
65 94
65 182
66 155
66 104
66 213
67 211
67 172
68 147
68 102
68 121
69 186
69 141
70 166
70 120
70 169
70 198
70 116
71 184
71 142
71 125
71 215
71 80
71 214
72 153
72 91
72 140
72 95
72 204
73 131
73 127
73 106
73 196
74 100
74 218
74 200
74 77
75 111
75 122
75 181
75 179
76 159
76 85
76 175
77 218
78 173
79 146
79 154
79 187
79 132
80 142
80 125
81 129
81 172
82 191
82 93
82 166
82 120
82 110
83 183
83 89
83 195
83 134
83 101
84 152
84 88
84 85
84 126
84 108
85 159
85 145
86 109
86 216
86 103
87 165
87 94
87 182
88 152
88 126
88 108
89 183
89 162
89 195
90 188
90 153
90 113
90 151
90 91
90 140
91 153
91 140
91 95
91 206
92 150
92 157
92 201
92 173
93 191
93 120
93 110
94 182
95 153
95 140
95 217
96 122
96 179
96 198
97 99
98 164
98 110
98 145
99 138
100 141
100 218
101 137
102 147
102 105
103 126
103 108
104 155
104 213
106 158
106 176
106 196
107 190
107 214
108 126
109 216
111 122
111 181
111 179
112 167
112 139
112 204
113 205
113 202
113 140
113 124
113 115
113 185
114 136
114 212
114 149
115 144
115 124
115 185
116 166
116 120
116 169
117 128
117 164
118 152
118 160
118 204
118 217
120 191
120 166
120 148
120 169
120 198
121 147
121 199
121 174
121 130
121 178
122 179
123 139
123 203
124 144
124 185
125 184
125 142
127 143
127 177
127 165
127 131
128 188
128 190
129 180
130 199
130 174
130 178
130 162
131 143
131 177
132 154
133 206
133 193
133 160
134 183
134 197
134 137
135 211
136 208
136 209
137 197
139 167
139 203
140 153
142 184
142 215
143 177
143 165
146 181
146 154
146 187
147 178
148 191
148 166
148 207
148 198
149 212
149 176
150 194
150 157
151 205
151 202
151 183
153 188
153 206
154 187
155 161
156 171
156 163
157 194
157 158
157 201
158 194
158 176
159 161
159 189
159 175
160 193
161 189
161 168
162 199
162 174
162 180
163 171
164 211
165 177
166 191
166 216
168 189
169 210
169 186
170 180
170 172
172 180
173 201
174 199
174 178
175 213
176 196
178 199
181 187
183 205
183 195
184 215
185 202
186 210
188 190
190 206
190 214
192 208
193 206
202 205
203 207
204 217
208 209
214 215
