94 495
0 1
0 4
0 10
0 13
0 17
0 19
0 20
0 21
0 32
0 40
0 43
0 47
0 52
0 63
0 78
0 86
0 88
1 2
1 5
1 20
1 41
1 45
1 60
1 73
1 78
1 92
2 6
2 10
2 61
2 85
2 86
2 88
2 89
2 92
3 10
3 11
3 14
3 18
3 24
3 27
3 39
3 42
3 46
3 59
3 62
3 66
3 75
3 76
4 12
4 21
4 40
4 45
4 50
4 60
4 61
4 86
4 87
4 91
4 92
5 6
5 17
5 43
5 45
5 47
5 60
5 63
5 65
5 84
5 87
5 89
5 90
5 93
6 19
6 20
6 43
6 56
6 58
6 60
6 71
6 78
6 86
6 89
6 92
7 18
7 24
7 31
7 37
7 54
7 57
7 59
7 66
7 68
7 70
7 72
7 74
7 75
7 76
7 77
7 91
8 22
8 25
8 34
8 48
8 55
8 64
8 67
8 82
9 22
9 33
9 34
9 44
9 48
9 55
9 67
10 17
10 49
10 58
10 63
10 84
10 85
11 16
11 23
11 28
11 29
11 57
11 62
11 66
11 69
11 74
11 75
11 77
12 19
12 45
12 50
12 52
12 65
12 71
12 85
12 86
12 89
13 19
13 20
13 32
13 50
13 52
13 86
13 87
13 89
14 16
14 24
14 27
14 31
14 35
14 54
14 57
14 66
14 68
14 69
14 72
14 75
14 76
15 16
15 27
15 57
15 59
15 70
15 72
15 75
15 76
15 91
16 19
16 27
16 51
16 53
16 54
16 62
16 72
16 74
16 76
16 91
17 21
17 32
17 40
17 43
17 45
17 63
17 78
17 85
17 86
18 24
18 27
18 35
18 46
18 51
18 53
18 54
18 70
18 72
18 91
19 20
19 32
19 58
19 60
19 71
19 78
19 87
19 88
19 89
19 93
20 21
20 61
20 71
20 81
20 87
21 32
21 43
21 49
21 58
21 60
21 61
21 71
21 84
21 85
21 86
21 87
22 26
22 34
22 36
22 41
22 44
22 64
22 67
22 79
22 80
22 82
23 35
23 42
23 46
23 68
23 69
23 70
23 91
24 27
24 31
24 51
24 53
24 57
24 62
24 69
24 76
24 77
25 36
25 48
25 55
25 64
25 79
26 30
26 34
26 41
26 44
26 48
27 29
27 35
27 51
27 53
27 54
27 69
28 31
28 46
28 54
28 68
28 72
28 91
29 37
29 53
29 54
29 66
29 70
29 74
29 75
29 77
30 34
30 36
30 38
30 55
30 64
30 65
30 73
30 79
30 80
31 57
31 69
31 75
31 77
32 40
32 43
32 45
32 50
32 61
32 71
32 92
33 36
33 38
33 41
33 44
33 55
33 73
33 79
33 80
34 67
34 82
34 83
34 90
35 42
35 54
35 59
35 62
35 66
35 70
35 74
35 75
35 77
35 91
36 38
36 41
36 44
36 65
36 67
36 80
37 46
37 51
37 66
37 72
37 90
37 91
38 73
38 83
39 51
39 53
39 54
39 66
39 70
39 77
40 52
40 58
40 61
40 63
40 71
40 88
40 93
41 44
41 48
41 64
41 73
42 53
42 54
42 57
42 72
42 75
42 76
42 77
43 47
43 52
43 56
43 60
43 63
43 93
44 55
44 79
44 80
44 83
45 49
45 56
45 89
46 53
46 54
46 57
46 59
46 62
46 77
47 52
47 58
47 63
47 81
47 85
47 93
48 55
48 82
48 90
49 50
49 52
49 58
49 63
49 81
49 85
49 86
49 87
49 88
49 90
50 52
50 60
50 61
50 63
50 67
50 84
50 93
51 53
51 91
52 56
52 89
52 92
53 54
53 57
53 69
53 74
53 91
54 68
54 70
54 74
55 65
55 73
55 79
55 83
55 90
56 63
56 86
56 87
57 59
57 74
57 77
57 91
58 61
58 78
58 81
58 89
59 69
59 72
59 76
60 61
61 71
61 81
61 84
61 87
61 88
61 89
61 93
62 66
62 70
62 74
63 84
63 87
63 93
64 73
64 78
65 67
65 79
66 75
67 79
68 69
68 70
68 72
69 74
69 75
69 77
69 91
70 72
71 81
71 84
71 88
71 93
72 76
72 77
73 83
73 90
74 75
74 77
78 81
78 88
78 92
79 80
79 83
80 90
81 88
84 88
85 87
85 88
85 89
85 92
85 93
86 88
86 93
87 89
88 89
88 93
92 93
