152 753
0 23
0 29
0 90
0 132
0 142
1 34
1 35
1 45
1 87
1 102
1 107
1 123
1 124
1 128
1 149
2 5
2 35
2 45
2 49
2 62
2 87
2 102
2 105
2 123
3 12
3 18
3 50
3 61
3 73
3 84
3 86
3 96
3 119
4 27
4 80
4 88
4 97
5 26
5 32
5 35
5 62
5 82
5 87
5 95
5 102
5 107
5 125
5 149
6 33
6 44
6 51
6 74
6 78
6 108
6 112
7 13
7 17
7 36
7 40
7 44
7 53
7 54
7 57
7 59
7 62
7 64
7 67
7 74
7 85
7 110
7 112
7 120
7 121
7 141
8 14
8 15
8 19
8 41
8 47
8 75
8 77
8 78
8 91
8 105
8 127
8 130
8 136
8 140
9 10
9 22
9 26
9 45
9 62
9 82
9 87
9 107
10 15
10 22
10 35
10 49
10 87
10 100
10 102
10 135
10 149
11 41
11 56
11 75
11 108
11 117
11 137
11 146
11 147
11 148
12 21
12 28
12 37
12 70
12 103
12 104
12 114
13 25
13 29
13 33
13 36
13 54
13 58
13 64
13 67
13 71
13 76
13 88
14 29
14 31
14 47
14 63
14 66
14 68
14 69
14 72
14 78
14 109
14 111
14 130
14 133
14 134
14 139
14 148
14 151
15 34
15 35
15 87
15 105
15 123
15 125
15 128
15 149
16 18
16 21
16 42
16 48
16 49
16 50
16 52
16 70
16 96
16 103
16 114
16 119
16 122
17 33
17 59
17 64
17 67
17 71
17 76
17 98
18 84
18 86
18 122
19 39
19 46
19 85
19 90
19 118
19 132
20 30
20 31
20 37
20 40
20 56
20 66
20 69
20 78
20 79
20 91
20 108
20 133
20 144
20 145
20 146
21 28
21 37
21 43
21 48
21 50
21 61
21 83
21 84
21 96
21 99
21 101
21 106
21 114
21 116
21 119
21 121
21 131
22 105
22 123
23 27
23 39
23 65
23 132
23 150
24 37
24 50
24 52
24 70
24 83
24 99
24 106
24 114
24 118
24 126
25 44
25 53
25 54
25 64
25 94
25 98
25 120
26 32
26 87
26 103
26 105
26 149
27 29
27 39
27 46
27 115
27 150
28 43
28 70
28 73
28 84
28 103
28 131
29 39
29 46
29 80
29 90
29 142
30 31
30 68
30 79
30 111
30 127
30 137
30 145
30 146
30 147
31 41
31 66
31 88
31 91
31 92
31 130
31 145
31 146
31 147
32 34
32 35
32 82
32 87
32 93
32 95
32 107
32 138
33 36
33 53
33 57
33 58
33 60
33 94
33 97
33 110
33 113
33 120
33 129
33 135
33 143
34 45
34 95
34 105
34 138
34 143
35 87
36 53
36 55
36 57
36 67
36 85
36 107
36 112
36 113
36 129
37 42
37 43
37 48
37 50
37 70
37 83
38 41
38 59
38 78
38 94
38 108
38 109
38 111
38 127
38 136
38 145
39 97
39 112
39 132
39 142
39 144
40 57
40 59
40 74
40 76
40 81
40 88
40 98
40 120
40 121
41 47
41 63
41 69
41 77
41 111
41 133
41 137
41 139
41 146
41 147
42 50
42 58
42 73
42 83
42 104
42 106
42 146
43 48
43 61
43 101
43 104
43 126
44 54
44 67
44 71
44 74
44 81
44 85
44 94
44 113
44 120
44 141
45 49
45 87
45 95
45 102
45 123
45 128
46 65
46 115
46 150
47 56
47 69
47 77
47 78
47 86
47 91
47 108
47 111
47 117
47 146
47 148
47 151
48 50
48 61
48 83
48 84
48 104
48 106
48 122
48 131
48 132
49 62
49 93
49 100
49 102
49 144
50 61
50 83
50 84
50 96
50 99
50 114
50 116
50 122
50 131
51 53
51 57
51 59
51 71
51 81
51 110
52 86
52 116
52 131
53 64
53 67
53 81
53 88
53 90
53 110
53 121
53 129
53 141
54 60
54 64
54 67
54 88
54 110
54 112
54 121
54 129
54 141
55 59
55 71
55 85
55 98
55 141
56 108
56 109
56 117
56 130
56 139
56 146
57 58
57 61
57 81
57 85
57 94
57 110
57 112
57 113
57 120
58 60
58 64
58 67
58 74
58 94
58 98
58 113
58 135
58 141
59 60
59 74
59 88
59 94
59 98
59 112
59 120
60 67
60 71
60 76
60 81
60 94
60 112
60 129
61 83
61 101
61 104
61 116
61 138
62 105
62 128
62 149
63 78
63 79
63 91
63 92
63 109
63 111
63 127
63 139
63 147
63 148
64 71
64 76
64 94
65 90
65 118
65 124
65 132
65 150
66 69
66 77
66 91
66 117
66 132
66 134
66 136
66 139
66 140
67 74
67 85
67 92
67 129
68 69
68 75
68 79
68 92
68 127
68 130
68 136
68 137
69 127
69 134
69 136
70 89
70 96
70 99
70 106
70 122
71 88
71 110
71 113
71 141
72 78
72 91
72 108
72 130
72 136
72 137
72 148
72 151
73 83
73 116
74 89
74 129
74 141
75 77
75 111
75 117
75 127
75 133
75 139
75 140
75 145
75 147
76 81
76 85
76 94
76 98
76 110
76 113
76 121
76 129
77 79
77 87
77 92
77 111
77 120
77 133
77 137
77 146
78 79
78 91
78 92
78 100
78 106
78 108
78 109
78 130
78 134
78 146
78 147
79 86
79 134
79 136
80 90
80 124
81 94
81 120
81 129
81 143
82 87
82 123
83 88
83 96
83 122
83 131
84 119
84 131
85 94
85 121
86 96
86 99
86 147
87 95
87 100
87 138
88 98
88 113
88 120
88 129
88 141
88 143
89 114
89 150
91 92
91 108
91 137
91 151
92 108
92 109
92 111
92 117
92 127
92 130
92 133
92 137
92 139
92 143
92 147
92 151
93 100
93 102
93 123
93 128
94 113
94 135
95 102
96 103
96 104
96 116
96 122
97 118
98 112
98 141
98 143
99 114
99 126
100 125
100 128
101 119
103 116
103 126
104 114
105 107
105 149
106 114
106 131
107 123
108 133
108 136
108 139
108 146
108 148
108 151
109 111
109 136
109 137
109 146
109 147
110 112
110 113
110 121
110 135
110 141
111 127
111 134
111 137
111 151
112 121
112 129
112 141
113 129
113 143
113 144
114 119
114 121
115 144
116 122
117 136
117 139
117 140
117 147
118 124
119 122
120 129
121 129
121 141
121 143
122 126
122 131
123 138
124 132
124 144
127 128
127 130
127 137
127 139
127 140
127 147
128 138
129 135
130 136
130 137
130 140
132 142
133 136
133 137
133 139
134 140
134 147
134 148
136 139
136 141
136 145
137 139
137 140
137 145
137 146
139 146
139 147
142 150
146 148
148 151
