58 528
0 1
0 6
0 9
0 13
0 14
0 29
0 31
0 32
0 38
0 49
0 50
1 0
1 4
1 6
1 14
1 21
1 29
1 32
1 38
1 42
1 49
1 51
2 15
2 16
2 17
2 27
2 33
2 37
2 47
2 52
2 53
3 10
3 13
3 28
3 38
3 42
3 43
3 50
4 1
4 13
4 29
4 38
4 42
4 50
4 51
4 57
5 10
5 11
5 22
5 29
5 30
5 32
5 38
5 43
5 49
5 50
5 51
6 0
6 1
6 22
6 38
6 53
6 56
7 17
7 25
7 26
7 27
7 33
7 41
7 45
7 47
7 48
8 15
8 16
8 24
8 27
8 36
8 37
8 39
8 44
8 45
8 46
8 47
9 0
9 10
9 14
9 21
9 29
9 32
9 35
9 42
9 49
10 3
10 5
10 9
10 13
10 14
10 18
10 19
10 20
10 21
10 30
10 31
11 5
11 21
11 22
11 29
11 35
11 40
11 49
11 57
12 25
12 26
12 33
12 34
12 37
12 39
12 45
12 46
12 52
12 55
13 0
13 3
13 4
13 10
13 20
13 21
13 30
13 38
13 40
13 43
13 54
13 56
14 0
14 1
14 9
14 10
14 21
14 30
14 35
14 40
14 43
14 53
14 54
15 2
15 8
15 17
15 19
15 25
15 39
15 44
15 47
16 2
16 8
16 23
16 27
16 37
16 39
16 41
16 44
16 45
16 47
16 52
17 2
17 7
17 15
17 25
17 26
17 34
17 36
17 45
18 10
18 31
18 32
18 35
18 40
18 42
18 51
19 10
19 15
19 24
19 26
19 39
19 41
19 47
20 10
20 13
20 21
20 22
20 31
20 40
20 57
21 1
21 9
21 10
21 11
21 13
21 14
21 20
21 29
21 35
21 38
21 53
21 54
21 57
22 5
22 6
22 11
22 20
22 28
22 30
22 40
22 43
22 50
22 53
22 54
22 57
23 16
23 24
23 26
23 34
23 36
23 45
23 47
24 8
24 19
24 23
24 33
24 47
24 48
24 52
25 7
25 12
25 15
25 17
25 26
25 27
25 37
25 39
25 45
26 7
26 12
26 17
26 19
26 23
26 25
26 34
26 41
27 2
27 7
27 8
27 16
27 25
27 33
27 34
27 45
27 47
27 55
28 3
28 22
28 29
28 32
28 49
28 50
29 0
29 1
29 4
29 5
29 9
29 11
29 21
29 28
29 31
29 32
29 38
29 42
29 51
30 5
30 10
30 13
30 14
30 22
30 32
30 50
30 54
30 56
31 0
31 10
31 18
31 20
31 29
31 32
31 35
31 43
31 49
31 54
31 56
31 57
32 0
32 1
32 5
32 9
32 18
32 28
32 29
32 30
32 31
32 35
32 42
32 43
33 2
33 7
33 12
33 24
33 27
33 45
33 55
34 12
34 17
34 23
34 26
34 27
34 45
35 9
35 11
35 14
35 18
35 21
35 31
35 32
35 40
35 43
35 49
35 50
35 53
36 8
36 17
36 23
36 44
36 55
37 2
37 8
37 12
37 16
37 25
37 47
38 0
38 1
38 3
38 4
38 5
38 6
38 13
38 21
38 29
38 50
38 53
39 8
39 12
39 15
39 16
39 19
39 25
39 41
39 44
39 46
39 48
40 11
40 13
40 14
40 18
40 20
40 22
40 35
40 51
40 53
40 57
41 7
41 16
41 19
41 26
41 39
41 44
42 1
42 3
42 4
42 9
42 18
42 29
42 32
42 43
42 50
42 56
43 3
43 5
43 13
43 14
43 22
43 31
43 32
43 35
43 42
43 50
43 54
43 56
43 57
44 8
44 15
44 16
44 36
44 39
44 41
44 47
44 52
45 7
45 8
45 12
45 16
45 17
45 23
45 25
45 27
45 33
45 34
45 52
46 8
46 12
46 39
46 48
46 55
47 2
47 7
47 8
47 15
47 16
47 19
47 23
47 24
47 27
47 37
47 44
47 48
47 55
48 7
48 24
48 39
48 46
48 47
48 52
48 55
49 0
49 1
49 5
49 9
49 11
49 28
49 31
49 35
49 50
49 51
49 56
50 0
50 3
50 4
50 5
50 22
50 28
50 30
50 35
50 38
50 42
50 43
50 49
50 51
50 56
51 1
51 4
51 5
51 18
51 29
51 40
51 49
51 50
52 2
52 12
52 16
52 24
52 44
52 45
52 48
53 2
53 6
53 14
53 21
53 22
53 35
53 38
53 40
54 13
54 14
54 21
54 22
54 30
54 31
54 43
55 12
55 27
55 33
55 36
55 46
55 47
55 48
56 6
56 13
56 30
56 31
56 42
56 43
56 49
56 50
57 4
57 11
57 20
57 21
57 22
57 31
57 40
57 43
