158 833
0 34
0 35
0 47
0 65
0 76
0 77
0 80
0 136
1 52
1 70
1 116
1 130
1 131
1 134
2 51
2 82
2 95
2 135
2 153
3 4
3 46
3 61
3 87
3 92
3 104
3 105
3 112
3 113
3 114
3 148
4 8
4 30
4 31
4 32
4 40
4 64
4 71
4 72
4 92
4 101
4 108
5 9
5 16
5 19
5 46
5 83
5 107
5 117
5 127
6 11
6 38
6 48
6 66
6 84
6 97
6 107
6 110
6 117
6 132
6 142
7 22
7 30
7 32
7 44
7 46
7 60
7 69
7 71
7 87
7 108
7 113
7 138
7 148
7 152
8 22
8 36
8 42
8 61
8 72
8 87
8 104
8 108
8 109
8 124
9 15
9 19
9 38
9 57
9 61
9 79
9 123
9 127
9 142
9 146
10 16
10 38
10 91
10 96
10 110
10 127
10 139
10 142
10 146
10 151
11 25
11 39
11 45
11 54
11 74
11 97
11 121
11 128
12 24
12 43
12 73
12 89
12 94
12 116
12 124
12 130
13 17
13 20
13 21
13 33
13 41
13 49
13 54
13 56
13 88
13 103
13 118
13 128
13 137
13 140
13 150
13 156
14 28
14 75
14 76
14 77
14 98
14 135
14 147
15 16
15 57
15 79
15 83
15 91
15 93
15 122
15 123
15 127
15 132
15 145
16 38
16 93
16 105
16 142
16 145
16 151
17 33
17 41
17 49
17 50
17 59
17 63
17 88
17 103
17 129
17 149
17 150
18 28
18 35
18 51
18 75
18 78
18 84
19 38
19 57
19 90
19 100
19 107
19 110
19 122
19 123
20 39
20 41
20 50
20 54
20 56
20 74
20 102
20 118
20 119
20 128
20 129
20 140
21 23
21 33
21 39
21 49
21 58
21 59
21 74
21 125
21 144
22 31
22 40
22 44
22 46
22 61
22 97
22 133
22 138
23 41
23 58
23 59
23 121
23 128
23 140
24 29
24 73
24 85
24 86
24 94
24 95
24 155
25 39
25 49
25 58
25 74
25 88
25 103
25 118
25 121
25 126
26 60
26 61
26 69
26 92
26 105
26 108
26 109
26 114
27 30
27 32
27 40
27 92
27 104
27 108
27 155
28 34
28 55
28 98
28 120
28 135
29 31
29 86
29 89
29 109
29 131
29 134
29 136
30 31
30 32
30 42
30 61
30 62
30 64
30 87
30 124
30 138
31 40
31 60
31 61
31 92
31 106
31 109
31 112
31 138
32 46
32 61
32 72
32 101
32 104
32 105
32 108
32 109
32 112
32 113
33 37
33 41
33 45
33 56
33 58
33 88
33 103
33 108
33 116
33 125
33 128
33 141
33 144
33 149
34 47
34 68
34 80
34 135
34 147
34 154
35 47
35 55
35 75
35 78
35 115
35 135
35 147
36 61
36 71
36 87
36 92
36 101
36 106
36 108
36 109
36 111
36 112
36 114
36 124
36 133
36 138
36 148
37 41
37 50
37 54
37 58
37 59
37 74
37 102
37 121
37 126
37 129
37 137
37 141
37 144
38 57
38 97
38 110
38 127
38 132
38 142
38 145
38 146
39 50
39 58
39 74
39 103
39 118
39 119
39 121
39 125
39 126
39 128
39 129
39 137
39 143
39 149
39 156
40 46
40 60
40 62
40 71
40 72
40 92
40 108
40 114
40 141
40 152
41 45
41 49
41 51
41 111
41 118
41 126
41 143
41 150
42 62
42 69
42 71
42 72
42 92
42 106
42 108
42 112
43 52
43 86
43 101
43 116
43 157
44 60
44 62
44 64
44 69
44 71
44 72
44 78
44 106
44 111
44 114
44 133
45 49
45 50
45 59
45 63
45 74
45 77
45 102
45 126
45 128
45 129
45 137
45 141
46 62
46 101
46 104
46 108
46 112
46 124
46 133
46 138
47 55
47 76
47 77
47 78
47 110
47 115
47 135
47 146
47 154
48 97
48 107
48 110
48 125
48 132
48 145
49 54
49 56
49 74
49 128
49 129
49 137
49 140
49 156
50 54
50 63
50 103
50 118
50 137
50 144
50 150
51 55
51 67
51 68
51 77
51 78
51 80
51 95
51 115
51 153
51 154
52 85
52 94
52 99
52 130
52 134
52 155
52 157
53 89
53 99
53 130
53 131
54 63
54 90
54 128
54 150
54 156
55 65
55 67
55 75
55 78
55 82
55 84
55 120
55 147
56 74
56 88
56 119
56 129
56 140
56 141
56 144
56 150
57 83
57 93
57 117
57 132
58 59
58 118
58 121
58 126
58 143
58 149
58 156
59 72
59 74
59 110
59 118
59 119
59 125
59 126
59 129
59 140
59 141
59 150
59 156
60 61
60 69
60 71
60 76
60 105
60 148
61 64
61 87
61 92
61 101
61 104
61 105
61 111
61 112
61 113
61 124
61 148
62 87
62 105
62 113
63 81
63 88
63 102
63 119
63 128
63 140
64 72
64 87
64 105
64 109
64 112
64 133
64 152
65 68
65 75
65 78
65 95
65 147
65 153
66 96
66 117
66 127
66 146
67 80
67 82
67 84
67 98
67 110
67 147
68 78
68 80
69 71
69 72
69 105
69 108
69 124
69 133
70 73
70 81
70 85
70 86
70 89
70 116
70 130
70 144
71 72
71 92
71 96
71 108
71 113
71 114
71 124
72 92
72 104
72 108
72 112
72 133
72 138
72 144
73 81
73 86
73 116
73 134
74 103
74 128
74 144
74 150
75 76
75 80
75 98
75 147
75 154
76 78
76 80
76 115
76 120
77 78
77 120
77 135
77 153
78 84
78 120
78 135
79 90
79 93
79 97
79 100
79 123
79 139
80 82
80 95
80 98
80 147
81 85
81 103
82 95
82 98
82 147
83 90
83 122
83 132
83 146
83 151
84 95
84 98
84 115
84 120
85 94
85 116
86 116
86 130
86 131
86 134
86 136
86 155
87 92
87 101
87 105
87 106
87 113
87 124
88 102
88 125
88 137
88 140
88 141
89 94
89 99
89 125
89 130
89 131
89 155
89 157
90 93
90 97
90 98
90 110
90 127
90 146
90 151
91 93
91 96
91 122
91 132
92 104
92 111
92 112
92 113
93 97
93 107
93 122
93 146
93 151
94 99
94 130
94 131
94 134
95 115
95 120
95 127
95 147
96 97
96 100
96 107
96 110
96 122
96 123
96 145
97 121
97 123
97 137
97 142
97 145
97 146
98 115
98 147
98 154
99 136
99 155
100 110
100 117
100 127
100 151
101 103
101 105
101 111
101 113
101 133
101 138
101 152
102 119
102 125
102 129
102 137
102 149
103 119
103 125
103 129
103 144
103 149
103 150
103 156
104 108
104 109
104 111
104 114
104 124
105 108
106 112
106 124
106 133
106 138
106 146
106 152
107 122
107 145
107 151
108 109
109 113
109 124
109 133
110 145
111 113
111 133
111 138
112 113
112 124
112 148
112 152
112 156
113 138
113 152
114 148
114 152
115 135
116 136
117 122
118 129
118 140
118 143
118 144
118 150
119 121
119 126
119 143
119 156
121 125
121 137
121 140
121 143
121 150
122 132
122 142
123 132
123 139
123 145
124 152
125 149
125 156
126 143
126 156
128 129
128 144
128 156
129 133
129 137
129 138
129 143
129 149
129 156
130 131
132 142
132 145
133 138
133 152
135 147
136 157
137 141
137 143
137 156
139 142
140 149
142 145
142 146
144 150
144 156
147 154
149 156
