352 977
0 93
0 320
0 287
0 321
0 43
1 67
1 264
1 132
1 9
1 113
1 286
1 168
2 175
2 22
2 144
2 126
2 170
3 294
3 139
3 328
3 316
3 169
4 174
4 331
4 117
4 225
4 132
4 165
4 336
4 34
4 310
5 271
5 188
5 71
5 202
6 29
6 49
6 75
6 110
6 76
6 259
7 51
7 293
7 129
7 262
7 254
7 338
7 8
8 338
8 182
8 191
9 67
9 264
9 132
9 113
9 286
9 168
10 38
10 156
10 194
10 32
10 127
11 122
11 106
11 65
11 128
11 84
11 138
11 118
12 157
12 68
12 63
12 20
13 78
13 260
13 142
14 333
14 37
14 330
15 88
15 251
15 204
15 296
15 131
15 283
16 349
16 236
16 47
16 53
16 270
17 223
17 339
17 208
17 337
17 288
18 189
18 146
18 277
18 248
18 172
18 119
19 349
19 47
19 218
19 215
19 98
19 263
20 157
20 63
20 301
20 291
20 52
21 314
21 69
21 41
22 178
22 239
22 175
22 144
22 126
22 170
22 192
22 244
23 266
23 115
23 122
23 106
23 234
24 157
24 114
24 68
25 68
25 53
25 232
25 246
25 70
25 294
25 139
25 328
26 33
26 279
26 59
26 340
26 105
26 324
27 246
27 152
27 70
27 150
27 151
28 71
28 173
28 230
28 44
28 334
28 213
28 212
28 107
28 238
29 199
29 49
29 75
29 326
29 233
30 196
30 235
30 58
30 186
30 250
30 348
30 325
30 229
31 319
31 249
31 124
31 193
31 243
31 281
31 280
31 79
31 136
31 72
32 106
32 38
32 156
32 90
32 65
32 84
32 194
32 127
33 59
33 105
34 174
34 165
34 336
34 322
34 183
34 310
34 323
35 319
35 249
35 124
35 193
35 134
35 145
35 190
35 252
36 351
36 45
36 185
36 224
36 66
36 345
37 333
38 50
38 255
38 156
38 90
38 310
39 188
39 213
39 147
39 108
40 222
40 162
40 180
40 282
40 256
41 314
41 102
41 241
41 77
42 57
42 290
42 313
43 320
43 321
44 230
44 334
44 212
45 161
45 305
45 351
45 306
45 345
46 83
46 174
46 156
46 196
46 235
46 186
46 201
47 349
47 236
47 184
47 163
47 215
48 278
48 315
48 162
48 73
49 199
49 75
49 76
49 259
50 255
50 83
50 174
50 156
50 90
50 65
51 328
51 169
51 140
51 293
51 129
52 291
52 119
52 209
52 245
53 349
53 236
53 63
53 232
53 294
53 139
54 297
54 167
54 141
54 267
54 195
55 329
55 135
55 191
55 347
55 335
55 273
55 197
56 82
56 304
56 228
56 176
56 86
56 332
57 290
57 313
58 337
58 288
58 235
58 186
58 250
58 348
58 284
58 325
59 105
59 307
59 135
59 109
60 78
60 142
61 199
61 326
61 233
61 81
61 154
62 97
62 143
63 349
63 301
63 291
63 158
64 103
64 95
64 159
64 187
64 166
64 66
65 122
65 106
65 128
65 84
65 138
65 118
66 185
66 224
66 204
66 187
66 296
66 131
67 189
67 331
67 264
67 132
67 168
68 157
68 114
68 246
68 294
69 230
69 314
69 305
70 246
70 152
70 150
70 343
71 213
72 243
72 280
72 327
72 136
73 278
73 344
73 237
74 149
74 318
74 231
74 299
74 125
75 199
75 326
75 259
76 219
76 311
76 110
76 259
77 102
77 241
77 313
78 142
79 243
79 281
79 280
80 217
80 95
80 159
80 190
80 216
81 199
81 326
81 233
81 154
82 304
82 149
82 342
82 228
82 312
83 255
83 174
83 196
83 201
84 156
84 128
84 138
84 127
84 101
85 121
85 272
85 130
85 222
85 94
85 162
86 228
86 341
86 176
86 332
87 304
87 89
87 219
87 97
87 265
88 308
88 251
88 283
88 242
89 219
89 265
89 221
90 255
90 174
90 156
91 107
91 238
92 208
92 297
92 167
92 141
92 267
92 205
93 121
93 271
93 202
93 320
94 130
94 222
94 162
94 180
94 282
95 103
95 159
95 187
95 216
96 314
96 102
96 217
96 303
96 211
96 298
97 304
97 143
98 223
98 339
98 215
98 116
98 335
98 263
99 234
99 181
99 257
99 272
99 271
99 214
99 137
99 302
100 257
100 110
100 299
100 164
100 207
101 186
101 128
101 325
101 127
102 314
102 303
102 211
102 241
103 159
103 187
103 166
104 107
104 179
104 240
104 300
105 329
106 122
106 128
107 179
107 240
108 305
108 334
108 213
109 218
109 307
109 135
109 289
109 263
110 219
110 265
110 311
110 259
111 189
111 277
111 248
111 133
111 227
111 210
112 285
112 123
113 286
113 168
113 160
113 269
114 157
115 266
115 278
115 184
116 339
116 337
116 163
116 215
116 153
116 237
117 331
117 225
117 132
117 165
117 336
118 138
118 287
119 146
119 172
119 209
119 245
120 346
120 200
120 142
121 272
121 271
121 202
121 320
122 266
122 234
122 137
123 202
124 319
124 249
124 193
124 134
124 145
124 190
124 252
125 149
125 312
125 231
126 144
126 170
126 192
126 244
126 171
126 247
127 156
127 186
127 194
127 229
128 173
128 138
129 140
129 293
129 262
129 254
129 338
130 272
130 222
130 162
130 282
131 308
131 251
131 204
131 296
131 283
132 331
132 264
132 225
133 189
133 248
133 227
133 210
133 253
133 226
134 319
134 145
134 252
135 329
135 335
135 263
136 243
136 327
137 234
137 258
137 188
139 232
139 294
139 328
139 316
139 169
139 140
140 328
140 169
140 293
140 259
141 297
141 167
141 267
141 205
142 200
142 260
143 316
143 327
144 178
144 175
144 170
145 190
145 252
146 189
146 277
146 172
147 257
147 188
147 214
148 150
148 151
148 324
149 342
149 312
149 318
149 231
149 299
150 340
150 152
150 151
150 324
151 340
151 152
151 324
152 246
153 337
153 344
153 350
153 274
153 237
154 326
154 233
154 261
155 301
155 291
155 158
155 218
155 289
156 201
156 194
158 349
158 301
158 291
158 218
159 217
159 298
159 216
160 195
160 286
160 168
160 269
161 230
161 314
161 305
161 351
161 306
162 272
162 222
162 282
162 256
163 184
163 237
164 299
165 225
165 336
165 322
165 183
165 310
165 209
165 245
166 187
166 177
167 297
167 267
168 286
169 328
169 293
169 259
170 239
170 175
170 192
171 192
171 244
171 341
171 247
172 189
172 277
172 209
173 212
173 238
174 255
174 201
175 178
175 309
175 239
176 341
176 292
176 332
177 242
177 220
178 309
178 239
178 198
179 240
179 300
179 275
180 222
180 282
180 256
181 265
181 221
181 258
181 206
181 257
182 191
183 268
183 336
183 322
183 310
183 323
183 317
184 278
184 236
185 351
185 224
185 204
185 345
186 196
186 235
186 325
186 194
186 229
188 206
188 213
189 277
189 248
190 252
191 329
191 197
192 244
192 247
193 319
193 249
193 281
193 280
193 216
195 267
195 286
195 269
196 235
196 201
197 273
198 309
198 239
198 343
199 326
199 233
200 268
200 346
200 260
200 323
200 317
201 255
201 235
202 271
203 285
203 276
203 295
204 224
204 296
205 208
205 267
206 221
206 258
206 257
207 256
208 223
208 267
208 273
209 245
210 248
210 227
210 253
210 226
211 303
211 241
212 290
213 334
214 257
216 217
216 298
217 303
217 298
218 349
218 232
218 289
219 265
219 221
219 311
220 242
221 265
221 258
222 282
222 256
223 339
223 347
223 335
223 273
224 296
224 345
225 331
225 264
225 336
226 227
226 253
226 347
227 253
228 304
228 342
229 250
229 325
230 314
230 305
230 334
231 312
231 318
232 349
232 294
232 328
233 326
234 266
234 315
234 302
236 349
237 278
239 309
240 300
240 275
243 281
243 280
243 327
244 341
244 247
247 341
248 277
249 319
249 280
250 348
250 284
250 325
251 308
251 283
253 347
254 293
254 262
254 338
259 311
260 317
261 344
261 274
262 293
262 338
263 347
263 335
264 331
265 311
266 278
266 315
267 297
268 333
268 322
268 310
268 323
268 317
269 286
270 333
270 322
270 310
271 272
272 315
272 302
273 347
273 335
274 337
274 288
274 344
274 350
275 295
275 300
276 285
276 295
278 315
279 340
279 324
280 281
283 296
284 348
284 325
288 337
288 348
289 307
291 301
292 341
292 332
294 328
294 316
298 303
299 318
302 315
304 342
304 312
304 332
305 334
305 306
306 314
306 351
306 345
309 343
310 322
310 323
312 342
312 318
316 328
317 322
317 323
318 342
320 321
322 336
322 323
324 340
330 346
335 347
337 339
337 348
337 350
344 350
345 351
