263 592
0 166
0 12
0 141
0 11
0 240
1 54
1 10
1 39
1 119
2 120
2 152
2 149
2 213
2 76
2 251
3 189
3 81
3 103
3 48
3 74
3 97
4 109
4 67
4 46
4 118
5 262
5 229
5 96
6 122
6 221
6 88
6 153
6 75
7 43
7 113
7 234
7 78
7 127
7 214
7 93
8 220
8 217
8 190
8 216
9 142
9 261
9 25
9 126
10 27
11 166
11 141
11 84
11 240
12 166
12 123
12 141
12 82
13 249
13 192
13 200
14 126
14 258
15 143
15 79
15 71
15 32
15 144
15 223
16 119
16 191
17 192
17 200
17 256
17 163
17 195
17 209
17 222
18 108
18 132
18 164
18 183
19 34
19 133
19 208
19 60
19 244
20 249
20 124
20 84
20 238
20 155
21 112
21 175
21 69
21 227
21 193
21 212
21 197
21 48
22 252
22 32
22 233
23 37
23 45
23 83
24 227
24 205
24 193
24 67
24 81
24 46
25 142
25 261
26 178
26 219
26 139
26 62
26 180
27 41
28 158
28 218
28 188
28 168
28 52
28 186
29 204
29 69
29 227
29 205
29 138
29 110
30 256
30 146
30 168
30 230
30 209
30 235
31 224
31 66
32 79
32 71
32 144
32 223
33 42
33 49
34 38
34 133
34 208
34 172
34 102
35 39
35 203
35 107
35 73
35 80
36 50
36 165
36 212
36 197
37 178
37 220
37 83
37 177
37 89
38 133
38 208
38 91
38 172
38 102
39 117
39 78
40 161
40 85
40 83
41 154
41 247
41 150
41 145
42 147
42 226
43 64
43 113
43 181
43 78
43 127
44 105
44 248
44 162
44 81
44 46
44 97
45 68
45 218
46 67
46 81
46 118
47 239
47 167
47 98
47 259
47 165
47 135
48 193
48 81
48 197
48 103
49 111
49 77
50 114
50 211
50 165
51 226
52 218
52 186
52 253
53 99
53 100
53 111
53 115
54 154
54 56
54 196
54 248
54 162
54 118
55 114
55 211
55 95
56 196
57 85
57 170
57 160
57 207
58 111
58 77
58 250
59 215
59 134
59 64
59 198
59 106
60 133
60 208
60 244
61 257
61 204
61 254
61 137
62 219
62 180
63 137
63 105
63 241
63 243
63 202
64 134
64 198
64 106
65 174
65 169
65 121
67 205
68 95
68 92
68 116
68 108
68 132
69 204
69 112
69 227
69 138
69 110
70 200
70 219
71 143
71 190
71 79
71 144
72 123
72 224
72 82
73 203
73 228
73 107
73 234
74 116
74 189
74 103
75 122
75 221
75 153
75 94
76 152
76 149
76 213
76 246
76 129
76 125
77 111
78 113
78 127
78 214
79 143
79 190
79 216
80 160
80 173
81 162
81 193
82 123
82 224
83 85
83 177
84 249
84 124
84 238
84 155
84 240
85 220
85 136
85 177
86 182
86 159
86 131
86 100
86 215
86 134
86 115
87 192
87 186
87 225
87 235
88 161
88 122
88 221
88 207
89 178
89 253
90 163
90 195
90 236
91 172
91 102
91 231
91 260
91 171
91 169
92 95
92 120
92 251
93 234
93 127
93 214
94 122
94 221
94 153
94 237
95 116
96 262
96 229
96 112
97 105
98 239
98 167
98 176
98 259
99 201
100 201
100 164
101 242
101 244
101 194
102 208
102 172
102 171
102 239
103 211
104 252
104 130
104 156
105 245
105 188
105 248
105 162
105 241
106 134
106 198
106 206
107 203
107 228
107 234
108 132
109 154
109 184
109 128
109 118
110 204
110 138
112 204
112 262
112 229
112 175
113 255
113 181
114 159
114 131
115 182
115 250
116 158
117 248
118 162
120 152
120 149
120 251
121 169
121 148
122 161
122 221
122 153
122 237
123 166
123 141
123 224
124 155
124 240
124 137
125 213
125 246
125 129
125 142
126 258
127 214
128 154
128 247
128 184
129 246
129 185
129 142
130 160
130 203
130 156
130 187
131 182
131 215
131 134
133 208
133 244
134 215
135 239
135 181
135 167
136 209
136 222
136 157
136 170
137 257
137 202
139 178
139 195
139 190
140 196
140 191
141 166
141 240
142 185
142 261
143 220
143 190
143 216
144 223
145 150
146 245
146 188
146 168
146 230
147 226
147 237
147 151
148 232
149 152
149 213
149 246
150 247
151 237
151 179
152 213
152 251
153 237
154 247
154 184
155 249
155 238
155 240
156 203
157 178
157 195
157 220
157 177
158 189
158 218
159 182
160 170
160 207
161 221
162 248
163 200
163 256
163 222
164 183
165 211
165 167
165 176
165 259
165 197
167 239
167 176
167 259
168 188
168 209
168 235
169 231
169 260
169 171
169 174
171 172
171 231
171 260
172 231
173 206
174 231
174 260
175 229
175 212
176 259
178 220
179 237
180 219
181 255
182 250
184 247
185 246
186 225
186 253
187 207
188 189
188 245
190 220
190 217
190 216
192 200
193 227
194 244
195 236
195 222
196 248
197 211
197 212
198 206
199 225
199 210
200 256
202 241
203 228
204 257
204 254
204 262
209 256
209 222
209 235
210 258
212 242
213 246
216 217
217 220
218 253
222 256
223 233
225 253
226 232
228 234
229 262
230 245
230 241
230 243
231 260
231 239
238 249
238 241
239 255
241 243
245 248
254 257
