185 420
0 3
0 47
0 71
0 63
1 111
1 35
1 145
1 184
1 38
2 11
2 87
2 75
2 77
3 10
4 101
4 178
5 10
5 154
5 110
5 131
5 106
5 139
6 22
6 132
6 43
6 85
6 182
7 46
7 76
7 158
7 79
8 183
8 28
8 34
8 84
9 73
9 161
9 58
9 14
9 117
9 152
10 131
11 86
11 150
11 87
11 37
12 25
12 15
12 61
12 78
12 144
13 54
13 113
13 67
13 114
13 69
13 105
13 166
14 24
14 161
14 58
14 51
14 112
14 44
14 117
14 128
15 25
15 61
15 78
15 144
16 50
16 97
16 43
16 94
17 20
17 122
17 93
17 134
18 47
18 57
18 55
19 161
19 59
20 141
20 36
20 98
20 79
20 93
20 134
21 80
21 62
21 100
21 99
21 89
22 127
22 119
22 132
22 181
23 147
23 159
24 161
24 44
24 181
24 142
24 128
25 111
25 35
25 61
26 72
26 64
26 167
26 70
27 75
27 77
27 143
27 125
27 62
28 183
28 34
28 60
28 48
28 148
29 115
29 173
29 163
30 32
30 95
30 157
31 35
31 38
31 133
32 45
32 156
32 180
32 82
33 153
33 91
34 183
34 48
34 148
35 111
35 145
35 184
35 38
35 123
36 141
36 174
36 72
36 76
36 79
37 86
37 150
37 87
37 103
38 145
38 123
38 133
38 167
39 170
39 108
39 56
39 60
40 118
40 122
40 129
40 140
40 134
40 91
41 165
41 46
42 143
42 100
42 133
42 81
42 89
43 97
43 85
43 94
43 182
44 136
44 120
44 181
44 96
44 128
45 156
45 180
45 104
47 57
47 55
47 50
47 71
47 151
48 179
48 177
48 148
49 95
49 157
49 65
49 122
50 57
50 151
50 97
50 52
51 161
51 112
51 128
52 151
52 97
52 96
52 160
53 115
53 173
53 155
53 92
54 83
54 113
54 67
54 114
55 71
56 170
56 179
56 60
58 73
58 161
58 112
58 117
59 66
60 170
60 179
60 148
61 111
61 184
61 144
62 75
62 77
62 143
62 125
62 102
62 100
62 99
63 71
63 151
63 160
64 72
64 171
64 167
64 76
65 157
65 122
65 140
66 170
66 108
67 114
67 103
67 124
68 150
68 130
69 105
69 166
70 167
70 139
70 121
72 162
72 174
72 121
73 172
73 118
73 98
73 117
74 88
74 135
74 107
74 164
74 90
74 168
75 87
75 77
75 143
75 130
76 158
76 79
76 93
77 87
77 99
77 130
78 154
78 144
78 109
78 169
79 93
80 138
80 162
80 89
80 121
81 133
82 129
82 140
83 155
83 92
84 183
84 85
84 94
85 94
87 150
87 103
88 135
88 107
88 137
88 149
88 175
89 100
89 121
90 107
90 164
90 168
91 159
92 155
95 157
96 120
98 118
98 141
98 134
99 103
100 143
101 136
101 178
101 180
102 125
102 175
103 150
103 130
104 156
104 180
105 154
105 110
106 154
106 110
106 131
107 135
107 164
108 170
109 169
110 154
110 131
110 116
111 184
112 161
113 173
114 127
114 119
114 132
114 166
114 124
114 182
115 173
115 155
116 163
116 139
117 141
117 142
118 172
118 147
118 129
118 140
119 127
119 132
119 166
119 182
120 136
120 160
122 157
122 140
123 145
123 184
123 171
123 167
124 127
125 143
126 138
126 162
126 174
126 142
127 138
128 181
129 147
129 156
129 140
130 150
131 154
131 139
132 182
134 140
135 164
135 137
135 149
136 178
137 149
137 175
138 162
140 157
141 174
141 142
142 174
144 163
145 184
146 168
146 152
147 172
147 159
149 175
150 155
153 176
156 180
158 171
162 174
165 176
166 182
167 171
169 173
177 179
