35 100
0 8
0 13
0 14
0 15
0 20
0 21
0 24
0 33
0 34
1 2
1 12
1 18
1 24
1 29
1 30
1 32
2 7
2 30
2 32
3 4
3 9
3 16
3 27
4 9
4 10
4 17
4 26
5 10
5 16
5 26
5 27
6 11
6 13
6 14
6 19
6 24
6 25
6 28
6 33
6 34
8 11
8 13
8 19
8 20
8 25
8 28
8 31
8 33
10 18
10 23
11 20
11 21
11 24
11 28
11 33
11 34
12 18
12 29
12 32
13 20
13 21
13 24
13 25
13 31
13 33
14 19
14 20
14 21
14 24
14 28
14 31
14 33
15 22
15 30
16 27
17 30
19 20
19 21
19 31
19 34
20 21
20 24
20 25
20 33
20 34
21 24
21 25
21 28
21 33
23 27
24 25
24 31
24 34
25 28
25 31
25 34
28 31
28 34
31 33
33 34
