35 118
0 9
0 13
0 14
0 26
1 6
1 19
1 26
2 19
3 5
3 6
3 9
3 11
3 21
3 26
3 30
4 5
4 8
4 10
4 17
4 18
4 23
4 24
4 27
4 28
4 31
4 32
4 33
5 7
5 12
5 13
5 29
5 30
6 9
6 20
6 21
6 29
6 30
7 13
7 16
7 19
7 21
7 29
7 34
8 18
8 22
8 23
8 24
8 25
8 27
8 28
8 31
8 32
8 33
9 14
9 20
9 26
10 15
10 18
10 22
10 23
10 24
10 25
10 27
10 31
10 33
11 17
11 19
11 22
11 28
11 32
12 15
12 16
12 19
13 20
13 30
13 34
14 15
14 26
15 26
16 19
16 20
16 26
17 24
17 25
17 27
17 33
18 22
18 23
18 24
18 25
18 27
18 31
18 33
19 29
20 34
22 23
22 24
22 25
22 27
22 28
22 31
23 24
23 25
24 32
24 33
25 27
25 28
25 32
25 33
27 28
27 33
28 31
28 32
29 30
29 34
31 32
31 33
32 33
