82 374
0 2
0 3
0 22
0 35
0 36
0 54
0 62
0 72
0 74
1 14
1 17
1 24
1 33
1 45
1 49
1 66
1 67
2 3
2 26
2 44
2 50
2 54
2 63
2 74
3 7
3 9
3 22
3 36
3 44
3 50
3 54
3 58
4 20
4 25
4 31
4 38
4 39
4 40
4 48
4 57
4 69
4 76
5 8
5 10
5 21
5 27
5 28
5 29
5 34
5 47
5 57
5 76
5 77
6 17
6 23
6 43
6 68
6 75
6 81
7 22
7 41
7 54
7 58
7 60
7 65
8 11
8 15
8 30
8 34
8 38
8 39
8 40
8 48
8 51
8 52
8 55
8 57
8 59
8 70
9 11
9 15
9 19
9 28
9 29
9 34
9 38
9 40
9 47
9 59
9 70
9 79
9 80
10 13
10 21
10 25
10 28
10 39
10 51
10 59
10 69
10 70
10 77
11 15
11 18
11 19
11 25
11 28
11 30
11 39
11 46
11 48
11 52
11 57
11 71
12 45
12 56
13 18
13 21
13 31
13 40
13 42
13 51
13 57
13 71
14 23
14 33
14 37
14 49
14 53
14 64
14 68
14 75
14 77
15 16
15 21
15 38
15 40
15 42
15 46
15 70
15 79
16 20
16 27
16 30
16 31
16 34
16 47
16 48
16 57
16 59
16 70
16 76
16 79
17 33
17 37
17 43
17 56
18 20
18 25
18 39
18 40
18 48
18 59
18 69
18 71
18 79
19 21
19 27
19 28
19 30
19 31
19 38
19 39
19 48
19 51
19 59
19 70
19 72
19 77
19 79
20 29
20 38
20 42
20 45
20 57
20 69
20 76
20 79
20 80
21 30
21 38
21 40
21 51
21 69
22 41
22 44
22 58
22 62
22 63
22 73
23 33
23 43
23 49
23 66
23 67
23 78
24 28
24 45
24 66
24 67
25 34
25 39
25 42
25 51
25 55
25 70
25 76
26 36
26 41
26 50
26 58
27 28
27 48
27 52
28 46
28 52
28 57
28 64
28 70
29 34
29 42
29 48
29 59
29 71
29 72
29 77
30 31
30 33
30 40
30 46
30 55
30 70
30 76
30 79
31 47
31 48
31 57
31 70
31 71
32 37
32 56
33 37
33 56
33 66
33 67
34 40
34 42
34 46
34 55
34 57
34 59
34 71
34 80
35 50
35 63
35 73
36 72
37 43
37 66
38 47
38 55
38 67
38 69
38 71
38 76
39 42
39 52
39 70
39 77
39 79
40 42
40 46
40 47
40 51
40 55
40 59
40 71
40 76
40 80
41 44
41 54
41 60
41 61
41 65
41 72
42 51
42 55
42 70
42 76
42 77
43 45
43 64
43 76
43 81
44 50
44 60
44 61
45 49
45 67
45 68
46 57
46 70
46 71
46 76
46 77
47 51
47 52
47 55
47 59
47 71
47 73
47 79
48 57
48 59
48 69
49 75
50 60
50 61
50 73
51 52
51 76
51 80
52 69
53 64
53 78
54 60
54 62
54 63
54 65
54 69
55 77
56 64
56 66
56 67
56 81
57 76
57 80
58 61
58 72
58 74
59 80
60 61
62 65
64 75
64 78
65 74
66 75
67 68
67 76
67 78
68 75
69 70
69 79
70 71
70 76
70 80
71 76
71 77
71 79
71 80
73 74
76 80
77 79
80 81
