61 98
0 12
0 22
1 51
2 7
2 51
3 19
3 35
3 43
4 51
5 22
5 32
5 43
5 51
6 51
7 15
7 17
7 29
7 40
7 51
8 12
9 51
10 51
11 19
11 35
12 16
12 20
12 21
12 25
12 31
12 38
12 46
12 52
12 59
13 19
13 35
13 43
14 20
15 17
15 29
17 29
17 40
18 45
19 22
19 32
19 33
19 37
19 49
19 51
19 54
20 28
20 35
20 41
20 47
20 51
20 58
21 38
21 46
22 35
22 51
22 52
23 41
23 55
24 36
24 51
25 59
26 45
27 45
28 41
28 45
28 48
29 40
29 44
30 51
30 58
32 35
32 43
33 35
33 37
34 51
35 37
35 49
35 54
36 51
39 51
39 58
41 44
41 57
42 57
43 51
43 54
45 50
45 53
45 56
45 60
47 51
47 58
48 60
51 58
