69 108
0 12
0 18
0 23
0 24
0 25
0 31
0 37
0 39
0 42
0 48
0 64
0 67
1 3
2 27
2 29
2 42
2 44
2 52
2 56
3 14
4 37
5 28
5 37
5 41
6 17
6 37
6 46
6 47
7 27
8 35
8 67
9 23
10 20
11 23
12 25
12 35
13 23
14 19
14 29
14 34
14 42
14 55
15 32
15 49
16 29
17 37
18 25
18 50
18 59
18 66
19 30
19 49
20 55
21 27
21 56
22 27
22 57
23 36
23 54
23 63
24 30
24 45
24 55
25 47
25 50
25 59
25 62
25 66
26 27
27 40
27 44
27 61
28 37
29 37
29 60
30 45
31 39
31 64
31 65
32 55
33 51
34 55
35 67
37 38
37 39
37 43
37 46
37 47
37 56
37 57
37 58
37 68
39 41
39 62
41 47
41 57
42 44
42 55
44 52
44 56
47 58
47 60
48 53
48 55
50 53
50 62
51 55
62 64
