40 104
0 8
1 36
1 37
2 5
2 32
2 35
3 4
3 6
3 14
3 18
3 24
3 29
3 30
4 6
4 7
4 13
4 17
4 20
4 24
4 26
4 29
4 34
5 30
6 13
6 17
6 21
6 29
7 10
7 23
7 24
8 22
8 27
9 10
9 13
9 17
9 20
9 23
9 24
9 26
9 34
10 13
10 15
10 18
10 23
10 24
10 28
10 29
10 34
11 16
11 25
11 38
12 15
12 22
13 14
13 17
13 18
13 21
13 23
13 26
13 29
14 17
14 21
14 29
15 19
16 18
16 25
16 31
16 32
16 33
17 18
17 20
17 26
17 29
18 20
18 24
18 28
18 34
19 22
20 21
20 23
20 26
20 29
21 23
21 24
21 28
22 37
23 28
24 28
24 33
25 30
25 39
26 29
29 34
30 32
30 33
31 32
31 38
31 39
32 33
32 38
32 39
33 39
35 39
38 39
