150 239
0 48
0 103
1 30
1 144
2 62
2 119
2 123
3 64
3 73
3 96
4 22
4 48
4 57
4 125
5 34
5 48
6 10
6 42
6 48
6 116
7 56
7 84
7 131
8 28
8 33
9 26
9 37
9 49
9 95
10 26
10 28
10 38
10 49
10 52
10 78
10 110
10 111
10 114
10 144
11 76
11 86
12 85
12 113
13 46
13 89
14 26
14 95
15 48
15 117
15 132
16 46
16 69
16 91
16 148
17 27
17 28
17 62
17 84
17 100
17 123
18 44
18 126
19 48
20 48
20 149
21 111
22 85
23 28
24 38
25 54
25 56
25 120
26 37
26 48
26 49
26 50
26 65
26 70
26 71
26 95
26 115
26 128
26 131
26 139
27 62
27 74
27 123
27 141
28 48
28 62
28 74
28 123
29 48
29 129
30 77
30 119
31 46
31 93
32 48
33 76
33 86
33 95
34 48
35 92
35 143
35 144
36 48
37 49
37 95
39 97
39 135
40 113
41 48
42 119
43 50
44 46
45 60
45 62
45 74
45 113
46 48
46 69
46 81
46 91
46 93
46 148
47 50
48 49
48 50
48 52
48 54
48 58
48 66
48 67
48 68
48 72
48 73
48 76
48 83
48 88
48 94
48 98
48 99
48 100
48 105
48 107
48 108
48 110
48 112
48 113
48 121
48 122
48 124
48 126
48 127
48 129
48 130
48 131
48 132
48 135
48 136
48 141
48 145
49 50
50 63
50 82
51 62
51 119
53 119
54 102
54 120
54 121
55 113
56 62
56 121
56 123
56 145
59 135
60 74
60 98
61 113
62 74
64 73
64 96
64 129
65 95
66 118
68 124
68 142
69 93
70 125
71 95
73 129
74 84
75 113
76 86
77 119
78 80
78 106
78 117
78 134
79 98
79 147
80 117
84 98
84 141
85 100
87 107
87 142
89 129
90 113
92 109
92 111
92 114
94 134
95 128
95 142
95 144
96 129
97 119
98 137
98 138
98 147
101 129
104 113
106 134
107 112
107 122
109 111
109 114
111 114
113 146
114 143
119 146
120 121
123 146
126 133
129 140
134 144
