149 337
0 126
0 139
1 17
1 42
1 43
1 79
1 90
1 125
1 133
1 140
2 7
2 63
2 80
2 101
2 105
2 123
3 48
3 83
4 83
5 40
5 108
5 130
6 83
7 67
7 101
7 119
7 132
8 43
8 46
8 51
8 68
8 79
8 90
8 95
8 125
9 69
9 96
9 137
10 20
10 125
11 14
11 15
11 17
11 38
11 40
11 43
11 50
11 61
11 117
11 135
11 137
12 125
13 35
13 36
13 92
13 105
14 51
15 17
15 18
15 25
15 37
15 40
15 41
15 47
15 54
15 64
15 73
15 87
15 91
15 112
15 118
16 41
16 43
16 51
16 78
16 87
16 125
16 144
17 41
17 43
17 51
17 53
17 64
17 78
17 79
17 84
17 90
17 125
17 144
17 148
19 22
19 61
19 76
19 100
19 110
19 135
20 23
20 125
21 125
22 26
22 31
22 39
22 44
22 55
22 63
22 71
22 80
22 88
22 103
23 125
24 86
24 138
25 108
26 76
26 81
26 110
27 59
27 66
27 91
28 60
28 84
28 116
29 126
30 34
30 54
30 61
30 135
31 44
31 55
31 61
31 88
31 100
31 126
31 135
32 40
32 110
32 112
32 128
33 48
33 83
34 54
34 75
34 103
34 108
34 114
35 36
35 40
35 48
35 80
35 83
35 86
35 92
35 98
35 105
35 108
35 134
36 40
36 45
36 96
38 50
39 76
39 81
39 100
40 52
40 56
40 59
40 60
40 63
40 69
40 82
40 83
40 86
40 96
40 97
40 122
40 124
40 125
40 126
40 128
40 134
41 68
41 87
42 125
45 92
45 105
46 125
48 56
48 116
48 125
49 110
51 73
51 75
51 87
52 61
52 63
52 83
52 122
52 126
52 128
52 139
52 141
53 75
53 87
54 75
54 80
54 81
54 135
54 138
54 145
55 109
56 80
56 83
56 98
56 108
56 134
57 81
57 100
57 110
58 115
58 126
59 80
59 112
59 127
60 84
60 98
60 116
60 131
61 145
62 75
63 67
63 81
63 101
63 102
63 141
63 148
65 143
66 113
67 80
67 101
68 75
68 140
69 94
70 74
70 107
70 126
71 123
72 126
72 139
73 104
73 141
73 144
73 148
74 107
74 126
75 80
75 81
75 135
75 136
76 81
76 110
77 125
78 125
79 125
80 101
80 125
80 132
81 103
81 110
81 126
81 135
81 142
82 119
82 146
83 108
83 114
83 116
83 125
83 129
83 131
84 116
85 128
86 93
86 122
87 125
87 144
89 108
89 124
89 130
90 125
92 96
93 97
95 125
98 128
99 125
99 133
100 126
100 142
101 105
102 105
103 114
104 134
106 107
106 126
107 119
107 126
108 124
108 131
108 134
109 126
110 111
110 112
110 142
112 132
112 143
114 131
114 148
115 126
116 128
119 126
119 146
120 134
121 126
124 130
125 133
125 135
125 136
125 140
125 144
126 135
126 147
131 137
133 140
135 136
135 137
135 145
137 141
139 141
