56 198
0 6
0 8
0 9
0 12
0 13
0 17
0 21
0 35
0 39
0 46
1 4
1 8
1 12
1 13
1 36
1 45
1 48
1 52
2 6
2 9
2 10
2 13
2 18
2 30
3 10
3 27
3 32
3 39
3 48
4 6
4 9
4 17
4 21
4 27
4 36
4 48
4 55
5 19
5 22
5 43
5 47
6 13
6 17
6 21
6 39
6 45
6 46
6 48
6 55
7 15
7 23
7 26
7 38
7 42
7 49
8 12
8 21
8 32
8 52
9 13
9 21
9 32
9 46
9 48
10 16
10 30
10 35
10 45
10 55
11 14
11 15
11 19
11 38
11 43
11 54
12 17
12 39
12 40
12 46
12 52
12 55
13 18
13 32
13 46
13 51
14 15
14 24
15 20
15 22
15 28
15 34
15 38
15 42
15 47
15 50
16 30
16 32
16 35
17 18
17 32
17 35
17 36
17 48
17 51
18 30
18 39
18 51
19 22
19 26
19 29
19 49
20 22
20 44
20 47
21 39
21 43
21 45
21 52
21 55
22 24
22 26
22 29
22 47
23 29
23 38
23 42
23 43
23 54
24 33
24 43
24 44
24 51
25 28
25 34
26 41
26 47
26 49
26 50
27 51
28 41
28 43
28 44
28 47
28 50
28 53
29 33
29 42
30 32
30 36
30 48
30 52
31 50
32 35
32 46
33 41
33 43
33 47
33 49
34 37
35 36
36 45
36 52
36 55
37 38
37 53
37 54
38 41
38 42
39 45
39 46
40 51
40 55
41 43
41 44
41 49
41 53
42 43
42 53
42 54
43 50
43 54
44 47
44 49
44 50
45 46
45 51
45 52
46 52
46 55
47 49
47 50
47 53
48 51
48 55
49 54
50 53
51 55
52 55
